Gap	Count
2.0	20366394
0.0	28474663
3.0	17598671
4.0	17648306
5.0	18002797
6.0	18366927
7.0	17734521
8.0	18681982
9.0	19070546
10.0	17329261
11.0	16578816
12.0	16635455
13.0	16928988
14.0	17770156
15.0	16958450
16.0	17171044
17.0	17866685
18.0	18467172
19.0	16820486
20.0	15959519
21.0	15965837
22.0	15661955
23.0	15361361
24.0	14963527
25.0	14648121
26.0	15150247
27.0	15321358
28.0	16928293
29.0	15746402
30.0	15187130
31.0	14605677
33.0	15030623
32.0	15068648
34.0	14550083
35.0	14877439
37.0	14660929
36.0	15007864
38.0	14464693
39.0	14413854
40.0	15110367
41.0	15251082
42.0	15607763
43.0	15129356
45.0	14412082
44.0	15081775
47.0	14276753
46.0	14288431
48.0	14645676
49.0	14780320
50.0	14566884
51.0	13959354
52.0	14348264
53.0	15027988
54.0	15576606
55.0	14918077
56.0	15647035
57.0	15200817
59.0	14684076
58.0	14598905
60.0	14636297
61.0	14193606
63.0	13542461
62.0	13542873
65.0	14124291
66.0	13988138
67.0	13852693
64.0	14254696
68.0	13921356
69.0	13733681
70.0	14051585
71.0	14775765
74.0	13937595
75.0	13301991
72.0	14612492
73.0	14393922
76.0	13130472
77.0	13073483
78.0	13443294
79.0	13816148
81.0	15095223
82.0	14342092
83.0	13838173
80.0	14684900
84.0	13402661
85.0	13548277
86.0	13383323
87.0	13556638
88.0	13429631
89.0	13297811
91.0	13135909
90.0	13226785
92.0	13182662
94.0	13128831
95.0	12831101
93.0	13034805
96.0	12784551
97.0	13086930
99.0	14011499
98.0	13156756
103.0	12995521
101.0	14112567
102.0	13620761
100.0	14353008
104.0	12720741
105.0	12578857
106.0	12937101
107.0	13340603
108.0	13300803
109.0	13022543
110.0	12687524
111.0	12826870
112.0	13105281
113.0	14234317
114.0	13685086
115.0	13191555
117.0	12431162
118.0	12303293
116.0	12616088
119.0	12361182
120.0	12545844
121.0	12872772
122.0	12657167
123.0	12188131
124.0	12044157
125.0	12088491
126.0	12004929
127.0	12496419
128.0	12966595
129.0	12986143
132.0	12264322
135.0	11849769
130.0	12743277
131.0	12538584
133.0	11988145
134.0	11841559
136.0	11754135
137.0	11874260
138.0	11902264
139.0	11994902
140.0	12185050
141.0	12699947
142.0	12455500
143.0	12150906
144.0	12082724
145.0	12003227
146.0	12240513
147.0	12529274
149.0	11859293
150.0	11823920
148.0	12207745
151.0	11792763
153.0	11932557
154.0	12119234
155.0	12220682
156.0	12449670
157.0	12260270
158.0	12150636
159.0	12029608
152.0	11826857
160.0	12494088
161.0	13486376
162.0	13746277
163.0	13102374
164.0	12252367
165.0	11881987
167.0	11664914
166.0	11728001
168.0	11794936
169.0	11937453
171.0	12105109
172.0	12012478
173.0	11743750
174.0	11778310
170.0	12256082
175.0	11833086
179.0	11462308
180.0	11617694
181.0	11669900
182.0	11925827
183.0	11732349
178.0	11456696
176.0	11626803
177.0	11391446
184.0	11728396
189.0	11189776
185.0	11657319
186.0	11583936
187.0	11393883
190.0	11096791
188.0	11313033
191.0	11213729
194.0	11087338
195.0	10963663
196.0	11026106
197.0	10940115
198.0	11196372
199.0	11235950
192.0	11087813
193.0	10928655
200.0	11630302
201.0	11540337
202.0	11393456
203.0	11197701
204.0	11029867
205.0	10808063
207.0	10759913
206.0	10775422
208.0	10768186
211.0	11001248
212.0	11144656
213.0	11179502
214.0	11280043
215.0	11276951
209.0	10770224
210.0	10952268
216.0	11279406
217.0	10940338
218.0	10807015
219.0	10717880
220.0	10828134
221.0	10890203
222.0	11037088
223.0	10790618
225.0	10697759
226.0	10903297
227.0	10994627
229.0	11084463
230.0	10895850
231.0	10654317
228.0	11148147
224.0	10722414
233.0	10549863
234.0	10673468
235.0	10731228
236.0	10585771
237.0	10401401
232.0	10637759
238.0	10379979
239.0	10462422
244.0	11079046
246.0	10410405
247.0	10189482
245.0	10643335
240.0	10614984
242.0	11373332
243.0	11376536
241.0	11092133
251.0	10274066
248.0	10199370
249.0	10147100
255.0	10400193
253.0	10139663
254.0	10233514
252.0	10187393
250.0	10288894
257.0	10318691
263.0	10376250
262.0	10270844
260.0	10242490
261.0	10251994
269.0	10126385
268.0	9845429
258.0	10212411
259.0	10217606
270.0	10172572
271.0	10131311
256.0	10348185
264.0	10297987
267.0	9808712
266.0	9889703
265.0	10062020
285.0	9860646
274.0	9873608
287.0	9589527
273.0	10007178
275.0	9848741
284.0	9983180
272.0	10123859
279.0	9738093
278.0	9773976
277.0	9801503
276.0	9894668
280.0	9623949
281.0	9688464
282.0	9857402
283.0	10143923
286.0	9681361
289.0	9494245
288.0	9534084
291.0	9470314
292.0	9515779
294.0	9454040
293.0	9506209
290.0	9424865
298.0	9407745
299.0	9494794
297.0	9377819
296.0	9334569
303.0	9389583
302.0	9504526
300.0	9582897
301.0	9598661
295.0	9409781
305.0	9191837
306.0	9145322
309.0	9252614
310.0	9238394
307.0	9236796
308.0	9217064
318.0	9176948
316.0	9413666
317.0	9300701
312.0	9274772
315.0	9435780
314.0	9427679
313.0	9389636
319.0	9124629
311.0	9262675
304.0	9251661
322.0	9388922
327.0	9309083
323.0	9656948
334.0	8944694
333.0	9079503
332.0	9109929
324.0	9746191
326.0	9395666
325.0	9552481
320.0	9102188
331.0	9139086
330.0	9185371
328.0	9246839
329.0	9244613
335.0	8988049
321.0	9159287
338.0	9030134
347.0	8792136
346.0	8928697
345.0	9163350
343.0	9178561
336.0	9044261
337.0	9073173
339.0	8944431
340.0	8928279
341.0	9006523
342.0	9129263
351.0	8616111
344.0	9277316
349.0	8673270
350.0	8630377
348.0	8709586
355.0	8646987
361.0	8562467
354.0	8636530
352.0	8630599
353.0	8643334
359.0	8598317
358.0	8665635
357.0	8701558
356.0	8677850
363.0	8521857
362.0	8546107
364.0	8513602
365.0	8489513
366.0	8439287
360.0	8559334
1.0	29318001
